Warps:
  Base:
    World: world
    X: 129.69889662494944
    Y: 79.0
    Z: 71.70816726153173
    Yaw: 72.90615844726562
    Pitch: 6.450164318084717
  Portal:
    World: world
    X: 184.9511030029819
    Y: -17.0
    Z: -13.407653844652216
    Yaw: 179.755859375
    Pitch: 87.15018463134766
